1 1 1 1  0.7746083600328784
1 1 1 2  0.13396766633151092
1 1 1 3  0.026688758951583277
1 1 1 4  0.28934709897373084
1 1 1 5  0.0
1 1 1 6  0.23765846692984635
1 1 1 7  -0.19932410221406058
1 1 2 1  0.13396766633151094
1 1 2 2  0.3425339645633614
1 1 2 3  0.025612575608002154
1 1 2 4  0.19682516411902107
1 1 2 5  0.0
1 1 2 6  -0.08549550919149124
1 1 2 7  -0.126875369136236
1 1 3 1  0.026688758951583277
1 1 3 2  0.025612575608002154
1 1 3 3  0.5171379088007322
1 1 3 4  0.12201606972790012
1 1 3 5  0.0
1 1 3 6  0.00918924873638194
1 1 3 7  -0.007707020827251623
1 1 4 1  0.2893470989737309
1 1 4 2  0.19682516411902107
1 1 4 3  0.12201606972790013
1 1 4 4  0.49188222615805555
1 1 4 5  0.0
1 1 4 6  0.09581815917948347
1 1 4 7  -0.08036266833233516
1 1 5 1  0.0
1 1 5 2  0.0
1 1 5 3  0.0
1 1 5 4  0.0
1 1 5 5  0.4719220346735275
1 1 5 6  0.0
1 1 5 7  0.0
1 1 6 1  0.23765846692984632
1 1 6 2  -0.08549550919149122
1 1 6 3  0.00918924873638194
1 1 6 4  0.09581815917948347
1 1 6 5  0.0
1 1 6 6  0.5067180158435348
1 1 6 7  -0.029183381501053082
1 1 7 1  -0.1993241022140606
1 1 7 2  -0.12687536913623604
1 1 7 3  -0.007707020827251624
1 1 7 4  -0.08036266833233516
1 1 7 5  0.0
1 1 7 6  -0.029183381501053082
1 1 7 7  0.4963981301075049
1 2 1 1  0.13396766633151105
1 2 1 2  0.03562962207184235
1 2 1 3  0.007801170936319208
1 2 1 4  0.06530674328846651
1 2 1 5  0.0
1 2 1 6  0.04045392821038978
1 2 1 7  -0.04428331131961358
1 2 2 1  0.03562962207184235
1 2 2 2  0.13396766633151103
1 2 2 3  0.007801170936319207
1 2 2 4  0.0653067432884665
1 2 2 5  0.0
1 2 2 6  -0.04045392821038978
1 2 2 7  -0.044283311319613564
1 2 3 1  0.007801170936319207
1 2 3 2  0.007801170936319207
1 2 3 3  0.15498045062978655
1 2 3 4  0.03632352065348497
1 2 3 5  0.0
1 2 3 6  4.442952506144822e-20
1 2 3 7  -0.0027348537432448534
1 2 4 1  0.06530674328846651
1 2 4 2  0.0653067432884665
1 2 4 3  0.03632352065348498
1 2 4 4  0.13889433599686007
1 2 4 5  0.0
1 2 4 6  4.896909226313924e-19
1 2 4 7  -0.024746244959930993
1 2 5 1  0.0
1 2 5 2  0.0
1 2 5 3  0.0
1 2 5 4  0.0
1 2 5 5  0.13553628263629094
1 2 5 6  0.0
1 2 5 7  0.0
1 2 6 1  0.040453928210389775
1 2 6 2  -0.04045392821038978
1 2 6 3  1.9796086419619058e-20
1 2 6 4  8.120928381800605e-20
1 2 6 5  0.0
1 2 6 6  0.13809350187693073
1 2 6 7  2.8783238338885193e-19
1 2 7 1  -0.044283311319613584
1 2 7 2  -0.04428331131961357
1 2 7 3  -0.0027348537432448534
1 2 7 4  -0.02474624495993099
1 2 7 5  0.0
1 2 7 6  2.8783238338885193e-19
1 2 7 7  0.1429029298979154
1 3 1 1  0.026688758951583267
1 3 1 2  0.007801170936319205
1 3 1 3  0.0062712594746981674
1 3 1 4  0.019210625213799862
1 3 1 5  0.0
1 3 1 6  0.011130123169241545
1 3 1 7  -0.009334831773091669
1 3 2 1  0.007801170936319205
1 3 2 2  0.025612575608002147
1 3 2 3  0.006179280242802873
1 3 2 4  0.018638887078444508
1 3 2 5  0.0
1 3 2 6  -0.009852741079824891
1 3 2 7  -0.009063225734700173
1 3 3 1  0.0062712594746981674
1 3 3 2  0.006179280242802875
1 3 3 3  0.15903863638407692
1 3 3 4  0.029108933759291678
1 3 3 5  0.0
1 3 3 6  0.0010287071178810112
1 3 3 7  -0.0008627764260272383
1 3 4 1  0.01921062521379986
1 3 4 2  0.018638887078444508
1 3 4 3  0.02910893375929168
1 3 4 4  0.05421131731466816
1 3 4 5  0.0
1 3 4 6  0.001923228167106822
1 3 4 7  -0.0016130110267626957
1 3 5 1  0.0
1 3 5 2  0.0
1 3 5 3  0.0
1 3 5 4  0.0
1 3 5 5  0.054107332039433055
1 3 5 6  0.0
1 3 5 7  0.0
1 3 6 1  0.011130123169241545
1 3 6 2  -0.009852741079824893
1 3 6 3  0.0010287071178810107
1 3 6 4  0.001923228167106822
1 3 6 5  0.0
1 3 6 6  0.05429471107583537
1 3 6 7  -0.00015715475525494995
1 3 7 1  -0.00933483177309167
1 3 7 2  -0.009063225734700173
1 3 7 3  -0.0008627764260272382
1 3 7 4  -0.0016130110267626957
1 3 7 5  0.0
1 3 7 6  -0.00015715475525494995
1 3 7 7  0.054239137696957186
1 4 1 1  0.28934709897373073
1 4 1 2  0.06530674328846647
1 4 1 3  0.01921062521379986
1 4 1 4  0.14665372995433734
1 4 1 5  0.0
1 4 1 6  0.1054872231396172
1 4 1 7  -0.08847211007872528
1 4 2 1  0.06530674328846646
1 4 2 2  0.19682516411902115
1 4 2 3  0.0186388870784445
1 4 2 4  0.12043191478594349
1 4 2 5  0.0
1 4 2 6  -0.059479935266002704
1 4 2 7  -0.07073380349554652
1 4 3 1  0.019210625213799855
1 4 3 2  0.0186388870784445
1 4 3 3  0.3818056465427605
1 4 3 4  0.08864266201321455
1 4 3 5  0.0
1 4 3 6  0.005092209056525029
1 4 3 7  -0.004270834578671971
1 4 4 1  0.14665372995433734
1 4 4 2  0.1204319147859435
1 4 4 3  0.08864266201321457
1 4 4 4  0.31192412221586097
1 4 4 5  0.0
1 4 4 6  0.03868689382314725
1 4 4 7  -0.03244668905916051
1 4 5 1  0.0
1 4 5 2  0.0
1 4 5 3  0.0
1 4 5 4  0.0
1 4 5 5  0.30666802338323357
1 4 5 6  0.0
1 4 5 7  0.0
1 4 6 1  0.10548722313961718
1 4 6 2  -0.059479935266002704
1 4 6 3  0.005092209056525029
1 4 6 4  0.03868689382314725
1 4 6 5  0.0
1 4 6 6  0.3157519388527895
1 4 6 7  -0.007618677840298006
1 4 7 1  -0.0884721100787253
1 4 7 2  -0.07073380349554652
1 4 7 3  -0.004270834578671971
1 4 7 4  -0.03244668905916051
1 4 7 5  0.0
1 4 7 6  -0.007618677840298006
1 4 7 7  0.31305780675679984
1 5 1 1  0.0
1 5 1 2  0.0
1 5 1 3  0.0
1 5 1 4  0.0
1 5 1 5  0.021050520446364993
1 5 1 6  0.0
1 5 1 7  0.0
1 5 2 1  0.0
1 5 2 2  0.0
1 5 2 3  0.0
1 5 2 4  0.0
1 5 2 5  0.016766063990515098
1 5 2 6  0.0
1 5 2 7  0.0
1 5 3 1  0.0
1 5 3 2  0.0
1 5 3 3  0.0
1 5 3 4  0.0
1 5 3 5  0.009336505097120069
1 5 3 6  0.0
1 5 3 7  0.0
1 5 4 1  0.0
1 5 4 2  0.0
1 5 4 3  0.0
1 5 4 4  0.0
1 5 4 5  0.054127644037447416
1 5 4 6  0.0
1 5 4 7  0.0
1 5 5 1  0.021050520446364997
1 5 5 2  0.016766063990515095
1 5 5 3  0.009336505097120067
1 5 5 4  0.05412764403744741
1 5 5 5  0.0
1 5 5 6  0.008065227076459522
1 5 5 7  -0.0067643041164713305
1 5 6 1  0.0
1 5 6 2  0.0
1 5 6 3  0.0
1 5 6 4  0.0
1 5 6 5  0.008065227076459522
1 5 6 6  0.0
1 5 6 7  0.0
1 5 7 1  0.0
1 5 7 2  0.0
1 5 7 3  0.0
1 5 7 4  0.0
1 5 7 5  -0.0067643041164713305
1 5 7 6  0.0
1 5 7 7  0.0
1 6 1 1  0.23765846692984638
1 6 1 2  0.04045392821038978
1 6 1 3  0.011130123169241543
1 6 1 4  0.10548722313961718
1 6 1 5  0.0
1 6 1 6  0.09606280000521027
1 6 1 7  -0.06291278182195174
1 6 2 1  0.04045392821038979
1 6 2 2  0.08549550919149121
1 6 2 3  0.009852741079824886
1 6 2 4  0.05947993526600268
1 6 2 5  0.0
1 6 2 6  -0.01303993417796325
1 6 2 7  -0.034132212049813156
1 6 3 1  0.011130123169241545
1 6 3 2  0.009852741079824886
1 6 3 3  0.2089934476530308
1 6 3 4  0.0491551746098313
1 6 3 5  0.0
1 6 3 6  0.011814700787637723
1 6 3 7  -0.0020784621625494102
1 6 4 1  0.10548722313961716
1 6 4 2  0.0594799352660027
1 6 4 3  0.049155174609831306
1 6 4 4  0.1847167804253339
1 6 4 5  0.0
1 6 4 6  0.07586102399571645
1 6 4 7  -0.01822778083281069
1 6 5 1  0.0
1 6 5 2  0.0
1 6 5 3  0.0
1 6 5 4  0.0
1 6 5 5  0.17631050264727072
1 6 5 6  0.0
1 6 5 7  0.0
1 6 6 1  0.09606280000521025
1 6 6 2  -0.013039934177963248
1 6 6 3  0.011814700787637725
1 6 6 4  0.07586102399571645
1 6 6 5  0.0
1 6 6 6  0.19765610788944268
1 6 6 7  -0.011138250150057729
1 6 7 1  -0.06291278182195177
1 6 7 2  -0.034132212049813156
1 6 7 3  -0.0020784621625494102
1 6 7 4  -0.01822778083281069
1 6 7 5  0.0
1 6 7 6  -0.011138250150057729
1 6 7 7  0.1799789301918054
1 7 1 1  -0.19932410221406063
1 7 1 2  -0.044283311319613584
1 7 1 3  -0.00933483177309167
1 7 1 4  -0.08847211007872528
1 7 1 5  0.0
1 7 1 6  -0.06291278182195174
1 7 1 7  0.07381545626559356
1 7 2 1  -0.04428331131961359
1 7 2 2  -0.12687536913623607
1 7 2 3  -0.00906322573470017
1 7 2 4  -0.07073380349554649
1 7 2 5  0.0
1 7 2 6  0.03413221204981318
1 7 2 7  0.0576790487325883
1 7 3 1  -0.009334831773091669
1 7 3 2  -0.009063225734700168
1 7 3 3  -0.17528275705977003
1 7 3 4  -0.041226433776382916
1 7 3 5  0.0
1 7 3 6  -0.0020784621625494146
1 7 3 7  0.01107971084058868
1 7 4 1  -0.0884721100787253
1 7 4 2  -0.07073380349554649
1 7 4 3  -0.041226433776382916
1 7 4 4  -0.15492192177196767
1 7 4 5  0.0
1 7 4 6  -0.0182277808328107
1 7 4 7  0.06941527968026726
1 7 5 1  0.0
1 7 5 2  0.0
1 7 5 3  0.0
1 7 5 4  0.0
1 7 5 5  -0.1478715785095538
1 7 5 6  0.0
1 7 5 7  0.0
1 7 6 1  -0.06291278182195177
1 7 6 2  0.03413221204981318
1 7 6 3  -0.002078462162549415
1 7 6 4  -0.0182277808328107
1 7 6 5  0.0
1 7 6 6  -0.15224552454314008
1 7 6 7  0.01173365462099431
1 7 7 1  0.07381545626559356
1 7 7 2  0.0576790487325883
1 7 7 3  0.011079710840588683
1 7 7 4  0.06941527968026726
1 7 7 5  0.0
1 7 7 6  0.01173365462099431
1 7 7 7  -0.16447689609056934
2 1 1 1  0.13396766633151103
2 1 1 2  0.03562962207184235
2 1 1 3  0.007801170936319207
2 1 1 4  0.0653067432884665
2 1 1 5  0.0
2 1 1 6  0.04045392821038978
2 1 1 7  -0.044283311319613564
2 1 2 1  0.03562962207184235
2 1 2 2  0.13396766633151105
2 1 2 3  0.007801170936319208
2 1 2 4  0.06530674328846651
2 1 2 5  0.0
2 1 2 6  -0.04045392821038978
2 1 2 7  -0.04428331131961358
2 1 3 1  0.007801170936319207
2 1 3 2  0.007801170936319207
2 1 3 3  0.15498045062978655
2 1 3 4  0.03632352065348497
2 1 3 5  0.0
2 1 3 6  -4.442952506144822e-20
2 1 3 7  -0.0027348537432448534
2 1 4 1  0.0653067432884665
2 1 4 2  0.06530674328846651
2 1 4 3  0.03632352065348498
2 1 4 4  0.13889433599686007
2 1 4 5  0.0
2 1 4 6  -4.896909226313924e-19
2 1 4 7  -0.024746244959930993
2 1 5 1  0.0
2 1 5 2  0.0
2 1 5 3  0.0
2 1 5 4  0.0
2 1 5 5  0.13553628263629094
2 1 5 6  0.0
2 1 5 7  0.0
2 1 6 1  0.04045392821038978
2 1 6 2  -0.040453928210389775
2 1 6 3  -1.9796086419619058e-20
2 1 6 4  -8.120928381800605e-20
2 1 6 5  0.0
2 1 6 6  0.13809350187693073
2 1 6 7  -2.8783238338885193e-19
2 1 7 1  -0.04428331131961357
2 1 7 2  -0.044283311319613584
2 1 7 3  -0.0027348537432448534
2 1 7 4  -0.02474624495993099
2 1 7 5  0.0
2 1 7 6  -2.8783238338885193e-19
2 1 7 7  0.1429029298979154
2 2 1 1  0.3425339645633614
2 2 1 2  0.13396766633151094
2 2 1 3  0.025612575608002154
2 2 1 4  0.19682516411902107
2 2 1 5  0.0
2 2 1 6  0.08549550919149124
2 2 1 7  -0.126875369136236
2 2 2 1  0.13396766633151092
2 2 2 2  0.7746083600328784
2 2 2 3  0.026688758951583277
2 2 2 4  0.28934709897373084
2 2 2 5  0.0
2 2 2 6  -0.23765846692984635
2 2 2 7  -0.19932410221406058
2 2 3 1  0.025612575608002154
2 2 3 2  0.026688758951583277
2 2 3 3  0.5171379088007322
2 2 3 4  0.12201606972790012
2 2 3 5  0.0
2 2 3 6  -0.00918924873638194
2 2 3 7  -0.007707020827251623
2 2 4 1  0.19682516411902107
2 2 4 2  0.2893470989737309
2 2 4 3  0.12201606972790013
2 2 4 4  0.49188222615805555
2 2 4 5  0.0
2 2 4 6  -0.09581815917948347
2 2 4 7  -0.08036266833233516
2 2 5 1  0.0
2 2 5 2  0.0
2 2 5 3  0.0
2 2 5 4  0.0
2 2 5 5  0.4719220346735275
2 2 5 6  0.0
2 2 5 7  0.0
2 2 6 1  0.08549550919149122
2 2 6 2  -0.23765846692984632
2 2 6 3  -0.00918924873638194
2 2 6 4  -0.09581815917948347
2 2 6 5  0.0
2 2 6 6  0.5067180158435348
2 2 6 7  0.029183381501053082
2 2 7 1  -0.12687536913623604
2 2 7 2  -0.1993241022140606
2 2 7 3  -0.007707020827251624
2 2 7 4  -0.08036266833233516
2 2 7 5  0.0
2 2 7 6  0.029183381501053082
2 2 7 7  0.4963981301075049
2 3 1 1  0.025612575608002147
2 3 1 2  0.007801170936319205
2 3 1 3  0.006179280242802873
2 3 1 4  0.018638887078444508
2 3 1 5  0.0
2 3 1 6  0.009852741079824891
2 3 1 7  -0.009063225734700173
2 3 2 1  0.007801170936319205
2 3 2 2  0.026688758951583267
2 3 2 3  0.0062712594746981674
2 3 2 4  0.019210625213799862
2 3 2 5  0.0
2 3 2 6  -0.011130123169241545
2 3 2 7  -0.009334831773091669
2 3 3 1  0.006179280242802875
2 3 3 2  0.0062712594746981674
2 3 3 3  0.15903863638407692
2 3 3 4  0.029108933759291678
2 3 3 5  0.0
2 3 3 6  -0.0010287071178810112
2 3 3 7  -0.0008627764260272383
2 3 4 1  0.018638887078444508
2 3 4 2  0.01921062521379986
2 3 4 3  0.02910893375929168
2 3 4 4  0.05421131731466816
2 3 4 5  0.0
2 3 4 6  -0.001923228167106822
2 3 4 7  -0.0016130110267626957
2 3 5 1  0.0
2 3 5 2  0.0
2 3 5 3  0.0
2 3 5 4  0.0
2 3 5 5  0.054107332039433055
2 3 5 6  0.0
2 3 5 7  0.0
2 3 6 1  0.009852741079824893
2 3 6 2  -0.011130123169241545
2 3 6 3  -0.0010287071178810107
2 3 6 4  -0.001923228167106822
2 3 6 5  0.0
2 3 6 6  0.05429471107583537
2 3 6 7  0.00015715475525494995
2 3 7 1  -0.009063225734700173
2 3 7 2  -0.00933483177309167
2 3 7 3  -0.0008627764260272382
2 3 7 4  -0.0016130110267626957
2 3 7 5  0.0
2 3 7 6  0.00015715475525494995
2 3 7 7  0.054239137696957186
2 4 1 1  0.19682516411902115
2 4 1 2  0.06530674328846646
2 4 1 3  0.0186388870784445
2 4 1 4  0.12043191478594349
2 4 1 5  0.0
2 4 1 6  0.059479935266002704
2 4 1 7  -0.07073380349554652
2 4 2 1  0.06530674328846647
2 4 2 2  0.28934709897373073
2 4 2 3  0.01921062521379986
2 4 2 4  0.14665372995433734
2 4 2 5  0.0
2 4 2 6  -0.1054872231396172
2 4 2 7  -0.08847211007872528
2 4 3 1  0.0186388870784445
2 4 3 2  0.019210625213799855
2 4 3 3  0.3818056465427605
2 4 3 4  0.08864266201321455
2 4 3 5  0.0
2 4 3 6  -0.005092209056525029
2 4 3 7  -0.004270834578671971
2 4 4 1  0.1204319147859435
2 4 4 2  0.14665372995433734
2 4 4 3  0.08864266201321457
2 4 4 4  0.31192412221586097
2 4 4 5  0.0
2 4 4 6  -0.03868689382314725
2 4 4 7  -0.03244668905916051
2 4 5 1  0.0
2 4 5 2  0.0
2 4 5 3  0.0
2 4 5 4  0.0
2 4 5 5  0.30666802338323357
2 4 5 6  0.0
2 4 5 7  0.0
2 4 6 1  0.059479935266002704
2 4 6 2  -0.10548722313961718
2 4 6 3  -0.005092209056525029
2 4 6 4  -0.03868689382314725
2 4 6 5  0.0
2 4 6 6  0.3157519388527895
2 4 6 7  0.007618677840298006
2 4 7 1  -0.07073380349554652
2 4 7 2  -0.0884721100787253
2 4 7 3  -0.004270834578671971
2 4 7 4  -0.03244668905916051
2 4 7 5  0.0
2 4 7 6  0.007618677840298006
2 4 7 7  0.31305780675679984
2 5 1 1  0.0
2 5 1 2  0.0
2 5 1 3  0.0
2 5 1 4  0.0
2 5 1 5  0.016766063990515098
2 5 1 6  0.0
2 5 1 7  0.0
2 5 2 1  0.0
2 5 2 2  0.0
2 5 2 3  0.0
2 5 2 4  0.0
2 5 2 5  0.021050520446364993
2 5 2 6  0.0
2 5 2 7  0.0
2 5 3 1  0.0
2 5 3 2  0.0
2 5 3 3  0.0
2 5 3 4  0.0
2 5 3 5  0.009336505097120069
2 5 3 6  0.0
2 5 3 7  0.0
2 5 4 1  0.0
2 5 4 2  0.0
2 5 4 3  0.0
2 5 4 4  0.0
2 5 4 5  0.054127644037447416
2 5 4 6  0.0
2 5 4 7  0.0
2 5 5 1  0.016766063990515095
2 5 5 2  0.021050520446364997
2 5 5 3  0.009336505097120067
2 5 5 4  0.05412764403744741
2 5 5 5  0.0
2 5 5 6  -0.008065227076459522
2 5 5 7  -0.0067643041164713305
2 5 6 1  0.0
2 5 6 2  0.0
2 5 6 3  0.0
2 5 6 4  0.0
2 5 6 5  -0.008065227076459522
2 5 6 6  0.0
2 5 6 7  0.0
2 5 7 1  0.0
2 5 7 2  0.0
2 5 7 3  0.0
2 5 7 4  0.0
2 5 7 5  -0.0067643041164713305
2 5 7 6  0.0
2 5 7 7  0.0
2 6 1 1  -0.08549550919149121
2 6 1 2  -0.04045392821038979
2 6 1 3  -0.009852741079824886
2 6 1 4  -0.05947993526600268
2 6 1 5  0.0
2 6 1 6  -0.01303993417796325
2 6 1 7  0.034132212049813156
2 6 2 1  -0.04045392821038978
2 6 2 2  -0.23765846692984638
2 6 2 3  -0.011130123169241543
2 6 2 4  -0.10548722313961718
2 6 2 5  0.0
2 6 2 6  0.09606280000521027
2 6 2 7  0.06291278182195174
2 6 3 1  -0.009852741079824886
2 6 3 2  -0.011130123169241545
2 6 3 3  -0.2089934476530308
2 6 3 4  -0.0491551746098313
2 6 3 5  0.0
2 6 3 6  0.011814700787637723
2 6 3 7  0.0020784621625494102
2 6 4 1  -0.0594799352660027
2 6 4 2  -0.10548722313961716
2 6 4 3  -0.049155174609831306
2 6 4 4  -0.1847167804253339
2 6 4 5  0.0
2 6 4 6  0.07586102399571645
2 6 4 7  0.01822778083281069
2 6 5 1  0.0
2 6 5 2  0.0
2 6 5 3  0.0
2 6 5 4  0.0
2 6 5 5  -0.17631050264727072
2 6 5 6  0.0
2 6 5 7  0.0
2 6 6 1  -0.013039934177963248
2 6 6 2  0.09606280000521025
2 6 6 3  0.011814700787637725
2 6 6 4  0.07586102399571645
2 6 6 5  0.0
2 6 6 6  -0.19765610788944268
2 6 6 7  -0.011138250150057729
2 6 7 1  0.034132212049813156
2 6 7 2  0.06291278182195177
2 6 7 3  0.0020784621625494102
2 6 7 4  0.01822778083281069
2 6 7 5  0.0
2 6 7 6  -0.011138250150057729
2 6 7 7  -0.1799789301918054
2 7 1 1  -0.12687536913623607
2 7 1 2  -0.04428331131961359
2 7 1 3  -0.00906322573470017
2 7 1 4  -0.07073380349554649
2 7 1 5  0.0
2 7 1 6  -0.03413221204981318
2 7 1 7  0.0576790487325883
2 7 2 1  -0.044283311319613584
2 7 2 2  -0.19932410221406063
2 7 2 3  -0.00933483177309167
2 7 2 4  -0.08847211007872528
2 7 2 5  0.0
2 7 2 6  0.06291278182195174
2 7 2 7  0.07381545626559356
2 7 3 1  -0.009063225734700168
2 7 3 2  -0.009334831773091669
2 7 3 3  -0.17528275705977003
2 7 3 4  -0.041226433776382916
2 7 3 5  0.0
2 7 3 6  0.0020784621625494146
2 7 3 7  0.01107971084058868
2 7 4 1  -0.07073380349554649
2 7 4 2  -0.0884721100787253
2 7 4 3  -0.041226433776382916
2 7 4 4  -0.15492192177196767
2 7 4 5  0.0
2 7 4 6  0.0182277808328107
2 7 4 7  0.06941527968026726
2 7 5 1  0.0
2 7 5 2  0.0
2 7 5 3  0.0
2 7 5 4  0.0
2 7 5 5  -0.1478715785095538
2 7 5 6  0.0
2 7 5 7  0.0
2 7 6 1  -0.03413221204981318
2 7 6 2  0.06291278182195177
2 7 6 3  0.002078462162549415
2 7 6 4  0.0182277808328107
2 7 6 5  0.0
2 7 6 6  -0.15224552454314008
2 7 6 7  -0.01173365462099431
2 7 7 1  0.0576790487325883
2 7 7 2  0.07381545626559356
2 7 7 3  0.011079710840588683
2 7 7 4  0.06941527968026726
2 7 7 5  0.0
2 7 7 6  -0.01173365462099431
2 7 7 7  -0.16447689609056934
3 1 1 1  0.026688758951583264
3 1 1 2  0.007801170936319205
3 1 1 3  0.006271259474698167
3 1 1 4  0.01921062521379986
3 1 1 5  0.0
3 1 1 6  0.011130123169241538
3 1 1 7  -0.009334831773091672
3 1 2 1  0.007801170936319204
3 1 2 2  0.02561257560800214
3 1 2 3  0.006179280242802875
3 1 2 4  0.0186388870784445
3 1 2 5  0.0
3 1 2 6  -0.00985274107982489
3 1 2 7  -0.009063225734700172
3 1 3 1  0.0062712594746981674
3 1 3 2  0.0061792802428028756
3 1 3 3  0.1590386363840769
3 1 3 4  0.02910893375929168
3 1 3 5  0.0
3 1 3 6  0.0010287071178810114
3 1 3 7  -0.0008627764260272387
3 1 4 1  0.01921062521379986
3 1 4 2  0.018638887078444504
3 1 4 3  0.02910893375929168
3 1 4 4  0.054211317314668155
3 1 4 5  0.0
3 1 4 6  0.0019232281671068218
3 1 4 7  -0.0016130110267626957
3 1 5 1  0.0
3 1 5 2  0.0
3 1 5 3  0.0
3 1 5 4  0.0
3 1 5 5  0.05410733203943306
3 1 5 6  0.0
3 1 5 7  0.0
3 1 6 1  0.011130123169241538
3 1 6 2  -0.009852741079824891
3 1 6 3  0.001028707117881011
3 1 6 4  0.0019232281671068218
3 1 6 5  0.0
3 1 6 6  0.054294711075835375
3 1 6 7  -0.00015715475525494992
3 1 7 1  -0.009334831773091674
3 1 7 2  -0.009063225734700173
3 1 7 3  -0.0008627764260272384
3 1 7 4  -0.0016130110267626961
3 1 7 5  0.0
3 1 7 6  -0.00015715475525494992
3 1 7 7  0.054239137696957186
3 2 1 1  0.02561257560800214
3 2 1 2  0.007801170936319204
3 2 1 3  0.006179280242802875
3 2 1 4  0.0186388870784445
3 2 1 5  0.0
3 2 1 6  0.00985274107982489
3 2 1 7  -0.009063225734700172
3 2 2 1  0.007801170936319205
3 2 2 2  0.026688758951583264
3 2 2 3  0.006271259474698167
3 2 2 4  0.01921062521379986
3 2 2 5  0.0
3 2 2 6  -0.011130123169241538
3 2 2 7  -0.009334831773091672
3 2 3 1  0.0061792802428028756
3 2 3 2  0.0062712594746981674
3 2 3 3  0.1590386363840769
3 2 3 4  0.02910893375929168
3 2 3 5  0.0
3 2 3 6  -0.0010287071178810114
3 2 3 7  -0.0008627764260272387
3 2 4 1  0.018638887078444504
3 2 4 2  0.01921062521379986
3 2 4 3  0.02910893375929168
3 2 4 4  0.054211317314668155
3 2 4 5  0.0
3 2 4 6  -0.0019232281671068218
3 2 4 7  -0.0016130110267626957
3 2 5 1  0.0
3 2 5 2  0.0
3 2 5 3  0.0
3 2 5 4  0.0
3 2 5 5  0.05410733203943306
3 2 5 6  0.0
3 2 5 7  0.0
3 2 6 1  0.009852741079824891
3 2 6 2  -0.011130123169241538
3 2 6 3  -0.001028707117881011
3 2 6 4  -0.0019232281671068218
3 2 6 5  0.0
3 2 6 6  0.054294711075835375
3 2 6 7  0.00015715475525494992
3 2 7 1  -0.009063225734700173
3 2 7 2  -0.009334831773091674
3 2 7 3  -0.0008627764260272384
3 2 7 4  -0.0016130110267626961
3 2 7 5  0.0
3 2 7 6  0.00015715475525494992
3 2 7 7  0.054239137696957186
3 3 1 1  0.5171379088007324
3 3 1 2  0.15498045062978652
3 3 1 3  0.1590386363840769
3 3 1 4  0.38180564654276045
3 3 1 5  0.0
3 3 1 6  0.20899344765303082
3 3 1 7  -0.17528275705976995
3 3 2 1  0.15498045062978652
3 3 2 2  0.5171379088007324
3 3 2 3  0.1590386363840769
3 3 2 4  0.38180564654276045
3 3 2 5  0.0
3 3 2 6  -0.20899344765303082
3 3 2 7  -0.17528275705976995
3 3 3 1  0.15903863638407692
3 3 3 2  0.15903863638407692
3 3 3 3  4.785080675686976
3 3 3 4  0.7413808927197761
3 3 3 5  0.0
3 3 3 6  0.0
3 3 3 7  8.261612189173283e-17
3 3 4 1  0.38180564654276045
3 3 4 2  0.38180564654276045
3 3 4 3  0.741380892719776
3 3 4 4  1.1189482037043408
3 3 4 5  0.0
3 3 4 6  0.0
3 3 4 7  6.4581103171776e-17
3 3 5 1  0.0
3 3 5 2  0.0
3 3 5 3  0.0
3 3 5 4  0.0
3 3 5 5  1.1158152914781558
3 3 5 6  0.0
3 3 5 7  0.0
3 3 6 1  0.20899344765303082
3 3 6 2  -0.20899344765303082
3 3 6 3  0.0
3 3 6 4  0.0
3 3 6 5  0.0
3 3 6 6  1.1158152914781558
3 3 6 7  0.0
3 3 7 1  -0.17528275705976992
3 3 7 2  -0.17528275705976992
3 3 7 3  8.261612189173282e-17
3 3 7 4  6.4581103171776e-17
3 3 7 5  0.0
3 3 7 6  0.0
3 3 7 7  1.1158152914781558
3 4 1 1  0.12201606972790012
3 4 1 2  0.03632352065348496
3 4 1 3  0.02910893375929168
3 4 1 4  0.08864266201321458
3 4 1 5  0.0
3 4 1 6  0.04915517460983131
3 4 1 7  -0.041226433776382916
3 4 2 1  0.03632352065348496
3 4 2 2  0.12201606972790012
3 4 2 3  0.02910893375929168
3 4 2 4  0.08864266201321458
3 4 2 5  0.0
3 4 2 6  -0.04915517460983131
3 4 2 7  -0.041226433776382916
3 4 3 1  0.02910893375929168
3 4 3 2  0.02910893375929168
3 4 3 3  0.741380892719776
3 4 3 4  0.1368730807483362
3 4 3 5  0.0
3 4 3 6  0.0
3 4 3 7  1.8279278287784362e-17
3 4 4 1  0.08864266201321457
3 4 4 2  0.08864266201321457
3 4 4 3  0.13687308074833615
3 4 4 4  0.25663287972533877
3 4 4 5  0.0
3 4 4 6  0.0
3 4 4 7  1.870415313530113e-17
3 4 5 1  0.0
3 4 5 2  0.0
3 4 5 3  0.0
3 4 5 4  0.0
3 4 5 5  0.2566835032620255
3 4 5 6  0.0
3 4 5 7  0.0
3 4 6 1  0.04915517460983131
3 4 6 2  -0.04915517460983131
3 4 6 3  0.0
3 4 6 4  0.0
3 4 6 5  0.0
3 4 6 6  0.2566835032620255
3 4 6 7  0.0
3 4 7 1  -0.04122643377638292
3 4 7 2  -0.04122643377638292
3 4 7 3  1.8279278287784362e-17
3 4 7 4  1.870415313530113e-17
3 4 7 5  0.0
3 4 7 6  0.0
3 4 7 7  0.2566835032620255
3 5 1 1  0.0
3 5 1 2  0.0
3 5 1 3  0.0
3 5 1 4  0.0
3 5 1 5  0.009336505097120062
3 5 1 6  0.0
3 5 1 7  0.0
3 5 2 1  0.0
3 5 2 2  0.0
3 5 2 3  0.0
3 5 2 4  0.0
3 5 2 5  0.009336505097120062
3 5 2 6  0.0
3 5 2 7  0.0
3 5 3 1  0.0
3 5 3 2  0.0
3 5 3 3  0.0
3 5 3 4  0.0
3 5 3 5  0.02447736097659238
3 5 3 6  0.0
3 5 3 7  0.0
3 5 4 1  0.0
3 5 4 2  0.0
3 5 4 3  0.0
3 5 4 4  0.0
3 5 4 5  0.03780848787370719
3 5 4 6  0.0
3 5 4 7  0.0
3 5 5 1  0.009336505097120062
3 5 5 2  0.009336505097120062
3 5 5 3  0.02447736097659238
3 5 5 4  0.03780848787370719
3 5 5 5  0.0
3 5 5 6  0.0
3 5 5 7  2.2931424969219173e-18
3 5 6 1  0.0
3 5 6 2  0.0
3 5 6 3  0.0
3 5 6 4  0.0
3 5 6 5  0.0
3 5 6 6  0.0
3 5 6 7  0.0
3 5 7 1  0.0
3 5 7 2  0.0
3 5 7 3  0.0
3 5 7 4  0.0
3 5 7 5  2.2931424969219173e-18
3 5 7 6  0.0
3 5 7 7  0.0
3 6 1 1  0.009189248736381932
3 6 1 2  -1.448558688702862e-20
3 6 1 3  0.0010287071178810114
3 6 1 4  0.00509220905652503
3 6 1 5  0.0
3 6 1 6  0.011814700787637729
3 6 1 7  -0.002078462162549416
3 6 2 1  1.448558688702862e-20
3 6 2 2  -0.009189248736381932
3 6 2 3  -0.0010287071178810114
3 6 2 4  -0.00509220905652503
3 6 2 5  0.0
3 6 2 6  0.011814700787637729
3 6 2 7  0.002078462162549416
3 6 3 1  0.0010287071178810114
3 6 3 2  -0.0010287071178810114
3 6 3 3  0.0
3 6 3 4  0.0
3 6 3 5  0.0
3 6 3 6  0.02447736097659238
3 6 3 7  0.0
3 6 4 1  0.005092209056525031
3 6 4 2  -0.005092209056525031
3 6 4 3  0.0
3 6 4 4  0.0
3 6 4 5  0.0
3 6 4 6  0.03780848787370719
3 6 4 7  0.0
3 6 5 1  0.0
3 6 5 2  0.0
3 6 5 3  0.0
3 6 5 4  0.0
3 6 5 5  0.0
3 6 5 6  0.0
3 6 5 7  0.0
3 6 6 1  0.011814700787637725
3 6 6 2  0.011814700787637725
3 6 6 3  0.02447736097659238
3 6 6 4  0.03780848787370719
3 6 6 5  0.0
3 6 6 6  0.0
3 6 6 7  2.2931424969219173e-18
3 6 7 1  -0.002078462162549415
3 6 7 2  0.002078462162549415
3 6 7 3  0.0
3 6 7 4  0.0
3 6 7 5  0.0
3 6 7 6  2.2931424969219173e-18
3 6 7 7  0.0
3 7 1 1  -0.007707020827251625
3 7 1 2  -0.0027348537432448543
3 7 1 3  -0.0008627764260272389
3 7 1 4  -0.004270834578671974
3 7 1 5  0.0
3 7 1 6  -0.0020784621625494102
3 7 1 7  0.011079710840588685
3 7 2 1  -0.0027348537432448543
3 7 2 2  -0.007707020827251625
3 7 2 3  -0.0008627764260272389
3 7 2 4  -0.004270834578671974
3 7 2 5  0.0
3 7 2 6  0.0020784621625494102
3 7 2 7  0.011079710840588685
3 7 3 1  -0.0008627764260272388
3 7 3 2  -0.0008627764260272388
3 7 3 3  8.261612189173283e-17
3 7 3 4  1.8279278287784352e-17
3 7 3 5  0.0
3 7 3 6  0.0
3 7 3 7  0.02447736097659238
3 7 4 1  -0.004270834578671974
3 7 4 2  -0.004270834578671974
3 7 4 3  1.8279278287784352e-17
3 7 4 4  2.8031582160393785e-17
3 7 4 5  0.0
3 7 4 6  0.0
3 7 4 7  0.03780848787370719
3 7 5 1  0.0
3 7 5 2  0.0
3 7 5 3  0.0
3 7 5 4  0.0
3 7 5 5  2.7710069423842725e-17
3 7 5 6  0.0
3 7 5 7  0.0
3 7 6 1  -0.0020784621625494102
3 7 6 2  0.0020784621625494102
3 7 6 3  0.0
3 7 6 4  0.0
3 7 6 5  0.0
3 7 6 6  2.7710069423842725e-17
3 7 6 7  0.0
3 7 7 1  0.011079710840588682
3 7 7 2  0.011079710840588682
3 7 7 3  0.02447736097659238
3 7 7 4  0.03780848787370719
3 7 7 5  0.0
3 7 7 6  0.0
3 7 7 7  3.2296354417686563e-17
4 1 1 1  0.28934709897373073
4 1 1 2  0.06530674328846647
4 1 1 3  0.019210625213799855
4 1 1 4  0.1466537299543373
4 1 1 5  0.0
4 1 1 6  0.10548722313961717
4 1 1 7  -0.0884721100787253
4 1 2 1  0.06530674328846647
4 1 2 2  0.19682516411902118
4 1 2 3  0.0186388870784445
4 1 2 4  0.12043191478594349
4 1 2 5  0.0
4 1 2 6  -0.05947993526600271
4 1 2 7  -0.0707338034955465
4 1 3 1  0.019210625213799855
4 1 3 2  0.0186388870784445
4 1 3 3  0.38180564654276045
4 1 3 4  0.08864266201321458
4 1 3 5  0.0
4 1 3 6  0.00509220905652503
4 1 3 7  -0.004270834578671971
4 1 4 1  0.1466537299543373
4 1 4 2  0.12043191478594349
4 1 4 3  0.08864266201321458
4 1 4 4  0.31192412221586086
4 1 4 5  0.0
4 1 4 6  0.03868689382314726
4 1 4 7  -0.03244668905916049
4 1 5 1  0.0
4 1 5 2  0.0
4 1 5 3  0.0
4 1 5 4  0.0
4 1 5 5  0.3066680233832337
4 1 5 6  0.0
4 1 5 7  0.0
4 1 6 1  0.10548722313961717
4 1 6 2  -0.05947993526600271
4 1 6 3  0.005092209056525031
4 1 6 4  0.038686893823147266
4 1 6 5  0.0
4 1 6 6  0.31575193885278935
4 1 6 7  -0.007618677840298004
4 1 7 1  -0.0884721100787253
4 1 7 2  -0.0707338034955465
4 1 7 3  -0.00427083457867197
4 1 7 4  -0.03244668905916049
4 1 7 5  0.0
4 1 7 6  -0.007618677840298004
4 1 7 7  0.3130578067568
4 2 1 1  0.19682516411902118
4 2 1 2  0.06530674328846647
4 2 1 3  0.0186388870784445
4 2 1 4  0.12043191478594349
4 2 1 5  0.0
4 2 1 6  0.05947993526600271
4 2 1 7  -0.0707338034955465
4 2 2 1  0.06530674328846647
4 2 2 2  0.28934709897373073
4 2 2 3  0.019210625213799855
4 2 2 4  0.1466537299543373
4 2 2 5  0.0
4 2 2 6  -0.10548722313961717
4 2 2 7  -0.0884721100787253
4 2 3 1  0.0186388870784445
4 2 3 2  0.019210625213799855
4 2 3 3  0.38180564654276045
4 2 3 4  0.08864266201321458
4 2 3 5  0.0
4 2 3 6  -0.00509220905652503
4 2 3 7  -0.004270834578671971
4 2 4 1  0.12043191478594349
4 2 4 2  0.1466537299543373
4 2 4 3  0.08864266201321458
4 2 4 4  0.31192412221586086
4 2 4 5  0.0
4 2 4 6  -0.03868689382314726
4 2 4 7  -0.03244668905916049
4 2 5 1  0.0
4 2 5 2  0.0
4 2 5 3  0.0
4 2 5 4  0.0
4 2 5 5  0.3066680233832337
4 2 5 6  0.0
4 2 5 7  0.0
4 2 6 1  0.05947993526600271
4 2 6 2  -0.10548722313961717
4 2 6 3  -0.005092209056525031
4 2 6 4  -0.038686893823147266
4 2 6 5  0.0
4 2 6 6  0.31575193885278935
4 2 6 7  0.007618677840298004
4 2 7 1  -0.0707338034955465
4 2 7 2  -0.0884721100787253
4 2 7 3  -0.00427083457867197
4 2 7 4  -0.03244668905916049
4 2 7 5  0.0
4 2 7 6  0.007618677840298004
4 2 7 7  0.3130578067568
4 3 1 1  0.12201606972790013
4 3 1 2  0.03632352065348498
4 3 1 3  0.0291089337592917
4 3 1 4  0.08864266201321461
4 3 1 5  0.0
4 3 1 6  0.0491551746098313
4 3 1 7  -0.041226433776382916
4 3 2 1  0.03632352065348498
4 3 2 2  0.12201606972790013
4 3 2 3  0.0291089337592917
4 3 2 4  0.08864266201321461
4 3 2 5  0.0
4 3 2 6  -0.0491551746098313
4 3 2 7  -0.041226433776382916
4 3 3 1  0.029108933759291696
4 3 3 2  0.029108933759291696
4 3 3 3  0.7413808927197761
4 3 3 4  0.1368730807483362
4 3 3 5  0.0
4 3 3 6  0.0
4 3 3 7  1.8279278287784365e-17
4 3 4 1  0.08864266201321462
4 3 4 2  0.08864266201321462
4 3 4 3  0.13687308074833615
4 3 4 4  0.2566328797253385
4 3 4 5  0.0
4 3 4 6  0.0
4 3 4 7  1.8704153135301126e-17
4 3 5 1  0.0
4 3 5 2  0.0
4 3 5 3  0.0
4 3 5 4  0.0
4 3 5 5  0.2566835032620255
4 3 5 6  0.0
4 3 5 7  0.0
4 3 6 1  0.049155174609831306
4 3 6 2  -0.049155174609831306
4 3 6 3  0.0
4 3 6 4  0.0
4 3 6 5  0.0
4 3 6 6  0.2566835032620255
4 3 6 7  0.0
4 3 7 1  -0.04122643377638292
4 3 7 2  -0.04122643377638292
4 3 7 3  1.827927828778436e-17
4 3 7 4  1.8704153135301132e-17
4 3 7 5  0.0
4 3 7 6  0.0
4 3 7 7  0.2566835032620255
4 4 1 1  0.4918822261580553
4 4 1 2  0.13889433599686013
4 4 1 3  0.054211317314668155
4 4 1 4  0.3119241222158611
4 4 1 5  0.0
4 4 1 6  0.18471678042533388
4 4 1 7  -0.15492192177196765
4 4 2 1  0.13889433599686013
4 4 2 2  0.4918822261580553
4 4 2 3  0.054211317314668155
4 4 2 4  0.3119241222158611
4 4 2 5  0.0
4 4 2 6  -0.18471678042533388
4 4 2 7  -0.15492192177196765
4 4 3 1  0.054211317314668155
4 4 3 2  0.054211317314668155
4 4 3 3  1.1189482037043397
4 4 3 4  0.2566328797253383
4 4 3 5  0.0
4 4 3 6  0.0
4 4 3 7  2.8031582160393785e-17
4 4 4 1  0.3119241222158611
4 4 4 2  0.3119241222158611
4 4 4 3  0.2566328797253385
4 4 4 4  0.817206033667474
4 4 4 5  0.0
4 4 4 6  0.0
4 4 4 7  4.6949930112442413e-17
4 4 5 1  0.0
4 4 5 2  0.0
4 4 5 3  0.0
4 4 5 4  0.0
4 4 5 5  0.8170225093685083
4 4 5 6  0.0
4 4 5 7  0.0
4 4 6 1  0.18471678042533388
4 4 6 2  -0.18471678042533388
4 4 6 3  0.0
4 4 6 4  0.0
4 4 6 5  0.0
4 4 6 6  0.8170225093685083
4 4 6 7  0.0
4 4 7 1  -0.15492192177196767
4 4 7 2  -0.15492192177196767
4 4 7 3  2.80315821603938e-17
4 4 7 4  4.694993011244242e-17
4 4 7 5  0.0
4 4 7 6  0.0
4 4 7 7  0.8170225093685083
4 5 1 1  0.0
4 5 1 2  0.0
4 5 1 3  0.0
4 5 1 4  0.0
4 5 1 5  0.05412764403744743
4 5 1 6  0.0
4 5 1 7  0.0
4 5 2 1  0.0
4 5 2 2  0.0
4 5 2 3  0.0
4 5 2 4  0.0
4 5 2 5  0.05412764403744743
4 5 2 6  0.0
4 5 2 7  0.0
4 5 3 1  0.0
4 5 3 2  0.0
4 5 3 3  0.0
4 5 3 4  0.0
4 5 3 5  0.03780848787370722
4 5 3 6  0.0
4 5 3 7  0.0
4 5 4 1  0.0
4 5 4 2  0.0
4 5 4 3  0.0
4 5 4 4  0.0
4 5 4 5  0.18051838539030843
4 5 4 6  0.0
4 5 4 7  0.0
4 5 5 1  0.05412764403744744
4 5 5 2  0.05412764403744744
4 5 5 3  0.037808487873707226
4 5 5 4  0.18051838539030843
4 5 5 5  0.0
4 5 5 6  0.0
4 5 5 7  9.393855606908803e-18
4 5 6 1  0.0
4 5 6 2  0.0
4 5 6 3  0.0
4 5 6 4  0.0
4 5 6 5  0.0
4 5 6 6  0.0
4 5 6 7  0.0
4 5 7 1  0.0
4 5 7 2  0.0
4 5 7 3  0.0
4 5 7 4  0.0
4 5 7 5  9.393855606908803e-18
4 5 7 6  0.0
4 5 7 7  0.0
4 6 1 1  0.09581815917948343
4 6 1 2  8.169632776267727e-19
4 6 1 3  0.0019232281671068224
4 6 1 4  0.03868689382314727
4 6 1 5  0.0
4 6 1 6  0.07586102399571643
4 6 1 7  -0.0182277808328107
4 6 2 1  -8.169632776267727e-19
4 6 2 2  -0.09581815917948343
4 6 2 3  -0.0019232281671068224
4 6 2 4  -0.03868689382314727
4 6 2 5  0.0
4 6 2 6  0.07586102399571643
4 6 2 7  0.0182277808328107
4 6 3 1  0.0019232281671068224
4 6 3 2  -0.0019232281671068224
4 6 3 3  0.0
4 6 3 4  0.0
4 6 3 5  0.0
4 6 3 6  0.03780848787370722
4 6 3 7  0.0
4 6 4 1  0.03868689382314727
4 6 4 2  -0.03868689382314727
4 6 4 3  0.0
4 6 4 4  0.0
4 6 4 5  0.0
4 6 4 6  0.18051838539030843
4 6 4 7  0.0
4 6 5 1  0.0
4 6 5 2  0.0
4 6 5 3  0.0
4 6 5 4  0.0
4 6 5 5  0.0
4 6 5 6  0.0
4 6 5 7  0.0
4 6 6 1  0.07586102399571643
4 6 6 2  0.07586102399571643
4 6 6 3  0.037808487873707226
4 6 6 4  0.18051838539030843
4 6 6 5  0.0
4 6 6 6  0.0
4 6 6 7  9.393855606908803e-18
4 6 7 1  -0.018227780832810698
4 6 7 2  0.018227780832810698
4 6 7 3  0.0
4 6 7 4  0.0
4 6 7 5  0.0
4 6 7 6  9.393855606908803e-18
4 6 7 7  0.0
4 7 1 1  -0.08036266833233512
4 7 1 2  -0.024746244959931
4 7 1 3  -0.0016130110267626961
4 7 1 4  -0.03244668905916052
4 7 1 5  0.0
4 7 1 6  -0.018227780832810698
4 7 1 7  0.06941527968026727
4 7 2 1  -0.024746244959931
4 7 2 2  -0.08036266833233512
4 7 2 3  -0.0016130110267626961
4 7 2 4  -0.03244668905916052
4 7 2 5  0.0
4 7 2 6  0.018227780832810698
4 7 2 7  0.06941527968026727
4 7 3 1  -0.0016130110267626961
4 7 3 2  -0.0016130110267626961
4 7 3 3  6.458110317177604e-17
4 7 3 4  1.8704153135301135e-17
4 7 3 5  0.0
4 7 3 6  0.0
4 7 3 7  0.03780848787370722
4 7 4 1  -0.03244668905916052
4 7 4 2  -0.03244668905916052
4 7 4 3  1.8704153135301132e-17
4 7 4 4  4.694993011244242e-17
4 7 4 5  0.0
4 7 4 6  0.0
4 7 4 7  0.18051838539030843
4 7 5 1  0.0
4 7 5 2  0.0
4 7 5 3  0.0
4 7 5 4  0.0
4 7 5 5  4.560513011779227e-17
4 7 5 6  0.0
4 7 5 7  0.0
4 7 6 1  -0.01822778083281069
4 7 6 2  0.01822778083281069
4 7 6 3  0.0
4 7 6 4  0.0
4 7 6 5  0.0
4 7 6 6  4.560513011779227e-17
4 7 6 7  0.0
4 7 7 1  0.06941527968026727
4 7 7 2  0.06941527968026727
4 7 7 3  0.037808487873707226
4 7 7 4  0.18051838539030843
4 7 7 5  0.0
4 7 7 6  0.0
4 7 7 7  6.439284133160988e-17
5 1 1 1  0.0
5 1 1 2  0.0
5 1 1 3  0.0
5 1 1 4  0.0
5 1 1 5  0.021050520446365
5 1 1 6  0.0
5 1 1 7  0.0
5 1 2 1  0.0
5 1 2 2  0.0
5 1 2 3  0.0
5 1 2 4  0.0
5 1 2 5  0.016766063990515098
5 1 2 6  0.0
5 1 2 7  0.0
5 1 3 1  0.0
5 1 3 2  0.0
5 1 3 3  0.0
5 1 3 4  0.0
5 1 3 5  0.009336505097120069
5 1 3 6  0.0
5 1 3 7  0.0
5 1 4 1  0.0
5 1 4 2  0.0
5 1 4 3  0.0
5 1 4 4  0.0
5 1 4 5  0.054127644037447395
5 1 4 6  0.0
5 1 4 7  0.0
5 1 5 1  0.021050520446365
5 1 5 2  0.0167660639905151
5 1 5 3  0.009336505097120069
5 1 5 4  0.0541276440374474
5 1 5 5  0.0
5 1 5 6  0.008065227076459517
5 1 5 7  -0.006764304116471329
5 1 6 1  0.0
5 1 6 2  0.0
5 1 6 3  0.0
5 1 6 4  0.0
5 1 6 5  0.008065227076459517
5 1 6 6  0.0
5 1 6 7  0.0
5 1 7 1  0.0
5 1 7 2  0.0
5 1 7 3  0.0
5 1 7 4  0.0
5 1 7 5  -0.006764304116471329
5 1 7 6  0.0
5 1 7 7  0.0
5 2 1 1  0.0
5 2 1 2  0.0
5 2 1 3  0.0
5 2 1 4  0.0
5 2 1 5  0.016766063990515098
5 2 1 6  0.0
5 2 1 7  0.0
5 2 2 1  0.0
5 2 2 2  0.0
5 2 2 3  0.0
5 2 2 4  0.0
5 2 2 5  0.021050520446365
5 2 2 6  0.0
5 2 2 7  0.0
5 2 3 1  0.0
5 2 3 2  0.0
5 2 3 3  0.0
5 2 3 4  0.0
5 2 3 5  0.009336505097120069
5 2 3 6  0.0
5 2 3 7  0.0
5 2 4 1  0.0
5 2 4 2  0.0
5 2 4 3  0.0
5 2 4 4  0.0
5 2 4 5  0.054127644037447395
5 2 4 6  0.0
5 2 4 7  0.0
5 2 5 1  0.0167660639905151
5 2 5 2  0.021050520446365
5 2 5 3  0.009336505097120069
5 2 5 4  0.0541276440374474
5 2 5 5  0.0
5 2 5 6  -0.008065227076459517
5 2 5 7  -0.006764304116471329
5 2 6 1  0.0
5 2 6 2  0.0
5 2 6 3  0.0
5 2 6 4  0.0
5 2 6 5  -0.008065227076459517
5 2 6 6  0.0
5 2 6 7  0.0
5 2 7 1  0.0
5 2 7 2  0.0
5 2 7 3  0.0
5 2 7 4  0.0
5 2 7 5  -0.006764304116471329
5 2 7 6  0.0
5 2 7 7  0.0
5 3 1 1  0.0
5 3 1 2  0.0
5 3 1 3  0.0
5 3 1 4  0.0
5 3 1 5  0.009336505097120064
5 3 1 6  0.0
5 3 1 7  0.0
5 3 2 1  0.0
5 3 2 2  0.0
5 3 2 3  0.0
5 3 2 4  0.0
5 3 2 5  0.009336505097120064
5 3 2 6  0.0
5 3 2 7  0.0
5 3 3 1  0.0
5 3 3 2  0.0
5 3 3 3  0.0
5 3 3 4  0.0
5 3 3 5  0.02447736097659238
5 3 3 6  0.0
5 3 3 7  0.0
5 3 4 1  0.0
5 3 4 2  0.0
5 3 4 3  0.0
5 3 4 4  0.0
5 3 4 5  0.03780848787370721
5 3 4 6  0.0
5 3 4 7  0.0
5 3 5 1  0.009336505097120062
5 3 5 2  0.009336505097120062
5 3 5 3  0.024477360976592383
5 3 5 4  0.037808487873707206
5 3 5 5  0.0
5 3 5 6  0.0
5 3 5 7  2.293142496921916e-18
5 3 6 1  0.0
5 3 6 2  0.0
5 3 6 3  0.0
5 3 6 4  0.0
5 3 6 5  0.0
5 3 6 6  0.0
5 3 6 7  0.0
5 3 7 1  0.0
5 3 7 2  0.0
5 3 7 3  0.0
5 3 7 4  0.0
5 3 7 5  2.293142496921916e-18
5 3 7 6  0.0
5 3 7 7  0.0
5 4 1 1  0.0
5 4 1 2  0.0
5 4 1 3  0.0
5 4 1 4  0.0
5 4 1 5  0.05412764403744743
5 4 1 6  0.0
5 4 1 7  0.0
5 4 2 1  0.0
5 4 2 2  0.0
5 4 2 3  0.0
5 4 2 4  0.0
5 4 2 5  0.05412764403744743
5 4 2 6  0.0
5 4 2 7  0.0
5 4 3 1  0.0
5 4 3 2  0.0
5 4 3 3  0.0
5 4 3 4  0.0
5 4 3 5  0.037808487873707206
5 4 3 6  0.0
5 4 3 7  0.0
5 4 4 1  0.0
5 4 4 2  0.0
5 4 4 3  0.0
5 4 4 4  0.0
5 4 4 5  0.18051838539030834
5 4 4 6  0.0
5 4 4 7  0.0
5 4 5 1  0.05412764403744743
5 4 5 2  0.05412764403744743
5 4 5 3  0.03780848787370719
5 4 5 4  0.18051838539030832
5 4 5 5  0.0
5 4 5 6  0.0
5 4 5 7  9.393855606908806e-18
5 4 6 1  0.0
5 4 6 2  0.0
5 4 6 3  0.0
5 4 6 4  0.0
5 4 6 5  0.0
5 4 6 6  0.0
5 4 6 7  0.0
5 4 7 1  0.0
5 4 7 2  0.0
5 4 7 3  0.0
5 4 7 4  0.0
5 4 7 5  9.393855606908806e-18
5 4 7 6  0.0
5 4 7 7  0.0
5 5 1 1  0.47192203467352756
5 5 1 2  0.135536282636291
5 5 1 3  0.05410733203943308
5 5 1 4  0.3066680233832337
5 5 1 5  0.0
5 5 1 6  0.17631050264727074
5 5 1 7  -0.1478715785095537
5 5 2 1  0.135536282636291
5 5 2 2  0.47192203467352756
5 5 2 3  0.05410733203943308
5 5 2 4  0.3066680233832337
5 5 2 5  0.0
5 5 2 6  -0.17631050264727074
5 5 2 7  -0.1478715785095537
5 5 3 1  0.05410733203943308
5 5 3 2  0.05410733203943308
5 5 3 3  1.115815291478155
5 5 3 4  0.25668350326202566
5 5 3 5  0.0
5 5 3 6  0.0
5 5 3 7  2.7710069423842737e-17
5 5 4 1  0.3066680233832337
5 5 4 2  0.3066680233832337
5 5 4 3  0.25668350326202555
5 5 4 4  0.817022509368508
5 5 4 5  0.0
5 5 4 6  0.0
5 5 4 7  4.560513011779229e-17
5 5 5 1  0.0
5 5 5 2  0.0
5 5 5 3  0.0
5 5 5 4  0.0
5 5 5 5  0.8801592027967111
5 5 5 6  0.0
5 5 5 7  0.0
5 5 6 1  0.17631050264727077
5 5 6 2  -0.17631050264727077
5 5 6 3  0.0
5 5 6 4  0.0
5 5 6 5  0.0
5 5 6 6  0.7852702922666384
5 5 6 7  0.0
5 5 7 1  -0.14787157850955374
5 5 7 2  -0.14787157850955374
5 5 7 3  2.7710069423842743e-17
5 5 7 4  4.560513011779229e-17
5 5 7 5  0.0
5 5 7 6  0.0
5 5 7 7  0.7852702922666384
5 6 1 1  0.0
5 6 1 2  0.0
5 6 1 3  0.0
5 6 1 4  0.0
5 6 1 5  0.008065227076459517
5 6 1 6  0.0
5 6 1 7  0.0
5 6 2 1  0.0
5 6 2 2  0.0
5 6 2 3  0.0
5 6 2 4  0.0
5 6 2 5  -0.008065227076459517
5 6 2 6  0.0
5 6 2 7  0.0
5 6 3 1  0.0
5 6 3 2  0.0
5 6 3 3  0.0
5 6 3 4  0.0
5 6 3 5  0.0
5 6 3 6  0.0
5 6 3 7  0.0
5 6 4 1  0.0
5 6 4 2  0.0
5 6 4 3  0.0
5 6 4 4  0.0
5 6 4 5  0.0
5 6 4 6  0.0
5 6 4 7  0.0
5 6 5 1  0.008065227076459517
5 6 5 2  -0.008065227076459517
5 6 5 3  0.0
5 6 5 4  0.0
5 6 5 5  0.0
5 6 5 6  0.047444455265036024
5 6 5 7  0.0
5 6 6 1  0.0
5 6 6 2  0.0
5 6 6 3  0.0
5 6 6 4  0.0
5 6 6 5  0.047444455265036024
5 6 6 6  0.0
5 6 6 7  0.0
5 6 7 1  0.0
5 6 7 2  0.0
5 6 7 3  0.0
5 6 7 4  0.0
5 6 7 5  0.0
5 6 7 6  0.0
5 6 7 7  0.0
5 7 1 1  0.0
5 7 1 2  0.0
5 7 1 3  0.0
5 7 1 4  0.0
5 7 1 5  -0.0067643041164713305
5 7 1 6  0.0
5 7 1 7  0.0
5 7 2 1  0.0
5 7 2 2  0.0
5 7 2 3  0.0
5 7 2 4  0.0
5 7 2 5  -0.0067643041164713305
5 7 2 6  0.0
5 7 2 7  0.0
5 7 3 1  0.0
5 7 3 2  0.0
5 7 3 3  0.0
5 7 3 4  0.0
5 7 3 5  2.2931424969219166e-18
5 7 3 6  0.0
5 7 3 7  0.0
5 7 4 1  0.0
5 7 4 2  0.0
5 7 4 3  0.0
5 7 4 4  0.0
5 7 4 5  9.393855606908801e-18
5 7 4 6  0.0
5 7 4 7  0.0
5 7 5 1  -0.006764304116471331
5 7 5 2  -0.006764304116471331
5 7 5 3  2.293142496921917e-18
5 7 5 4  9.393855606908803e-18
5 7 5 5  0.0
5 7 5 6  0.0
5 7 5 7  0.047444455265036024
5 7 6 1  0.0
5 7 6 2  0.0
5 7 6 3  0.0
5 7 6 4  0.0
5 7 6 5  0.0
5 7 6 6  0.0
5 7 6 7  0.0
5 7 7 1  0.0
5 7 7 2  0.0
5 7 7 3  0.0
5 7 7 4  0.0
5 7 7 5  0.047444455265036024
5 7 7 6  0.0
5 7 7 7  0.0
6 1 1 1  0.23765846692984638
6 1 1 2  0.04045392821038978
6 1 1 3  0.011130123169241545
6 1 1 4  0.10548722313961717
6 1 1 5  0.0
6 1 1 6  0.09606280000521028
6 1 1 7  -0.06291278182195179
6 1 2 1  0.04045392821038979
6 1 2 2  0.08549550919149121
6 1 2 3  0.00985274107982489
6 1 2 4  0.0594799352660027
6 1 2 5  0.0
6 1 2 6  -0.013039934177963246
6 1 2 7  -0.03413221204981318
6 1 3 1  0.011130123169241543
6 1 3 2  0.009852741079824888
6 1 3 3  0.20899344765303077
6 1 3 4  0.04915517460983131
6 1 3 5  0.0
6 1 3 6  0.01181470078763773
6 1 3 7  -0.0020784621625494107
6 1 4 1  0.10548722313961714
6 1 4 2  0.05947993526600271
6 1 4 3  0.04915517460983132
6 1 4 4  0.1847167804253339
6 1 4 5  0.0
6 1 4 6  0.07586102399571643
6 1 4 7  -0.018227780832810694
6 1 5 1  0.0
6 1 5 2  0.0
6 1 5 3  0.0
6 1 5 4  0.0
6 1 5 5  0.17631050264727083
6 1 5 6  0.0
6 1 5 7  0.0
6 1 6 1  0.09606280000521032
6 1 6 2  -0.013039934177963246
6 1 6 3  0.011814700787637729
6 1 6 4  0.07586102399571643
6 1 6 5  0.0
6 1 6 6  0.19765610788944266
6 1 6 7  -0.011138250150057724
6 1 7 1  -0.0629127818219518
6 1 7 2  -0.03413221204981318
6 1 7 3  -0.0020784621625494102
6 1 7 4  -0.018227780832810694
6 1 7 5  0.0
6 1 7 6  -0.011138250150057724
6 1 7 7  0.17997893019180547
6 2 1 1  -0.08549550919149121
6 2 1 2  -0.04045392821038979
6 2 1 3  -0.00985274107982489
6 2 1 4  -0.0594799352660027
6 2 1 5  0.0
6 2 1 6  -0.013039934177963246
6 2 1 7  0.03413221204981318
6 2 2 1  -0.04045392821038978
6 2 2 2  -0.23765846692984638
6 2 2 3  -0.011130123169241545
6 2 2 4  -0.10548722313961717
6 2 2 5  0.0
6 2 2 6  0.09606280000521028
6 2 2 7  0.06291278182195179
6 2 3 1  -0.009852741079824888
6 2 3 2  -0.011130123169241543
6 2 3 3  -0.20899344765303077
6 2 3 4  -0.04915517460983131
6 2 3 5  0.0
6 2 3 6  0.01181470078763773
6 2 3 7  0.0020784621625494107
6 2 4 1  -0.05947993526600271
6 2 4 2  -0.10548722313961714
6 2 4 3  -0.04915517460983132
6 2 4 4  -0.1847167804253339
6 2 4 5  0.0
6 2 4 6  0.07586102399571643
6 2 4 7  0.018227780832810694
6 2 5 1  0.0
6 2 5 2  0.0
6 2 5 3  0.0
6 2 5 4  0.0
6 2 5 5  -0.17631050264727083
6 2 5 6  0.0
6 2 5 7  0.0
6 2 6 1  -0.013039934177963246
6 2 6 2  0.09606280000521032
6 2 6 3  0.011814700787637729
6 2 6 4  0.07586102399571643
6 2 6 5  0.0
6 2 6 6  -0.19765610788944266
6 2 6 7  -0.011138250150057724
6 2 7 1  0.03413221204981318
6 2 7 2  0.0629127818219518
6 2 7 3  0.0020784621625494102
6 2 7 4  0.018227780832810694
6 2 7 5  0.0
6 2 7 6  -0.011138250150057724
6 2 7 7  -0.17997893019180547
6 3 1 1  0.009189248736381933
6 3 1 2  -1.448558688702862e-20
6 3 1 3  0.0010287071178810112
6 3 1 4  0.00509220905652503
6 3 1 5  0.0
6 3 1 6  0.011814700787637727
6 3 1 7  -0.002078462162549416
6 3 2 1  1.448558688702862e-20
6 3 2 2  -0.009189248736381933
6 3 2 3  -0.0010287071178810112
6 3 2 4  -0.00509220905652503
6 3 2 5  0.0
6 3 2 6  0.011814700787637727
6 3 2 7  0.002078462162549416
6 3 3 1  0.001028707117881011
6 3 3 2  -0.001028707117881011
6 3 3 3  0.0
6 3 3 4  0.0
6 3 3 5  0.0
6 3 3 6  0.02447736097659238
6 3 3 7  0.0
6 3 4 1  0.00509220905652503
6 3 4 2  -0.00509220905652503
6 3 4 3  0.0
6 3 4 4  0.0
6 3 4 5  0.0
6 3 4 6  0.03780848787370721
6 3 4 7  0.0
6 3 5 1  0.0
6 3 5 2  0.0
6 3 5 3  0.0
6 3 5 4  0.0
6 3 5 5  0.0
6 3 5 6  0.0
6 3 5 7  0.0
6 3 6 1  0.011814700787637725
6 3 6 2  0.011814700787637725
6 3 6 3  0.024477360976592383
6 3 6 4  0.037808487873707206
6 3 6 5  0.0
6 3 6 6  0.0
6 3 6 7  2.293142496921916e-18
6 3 7 1  -0.0020784621625494154
6 3 7 2  0.0020784621625494154
6 3 7 3  0.0
6 3 7 4  0.0
6 3 7 5  0.0
6 3 7 6  2.293142496921916e-18
6 3 7 7  0.0
6 4 1 1  0.09581815917948343
6 4 1 2  8.169632776267727e-19
6 4 1 3  0.001923228167106822
6 4 1 4  0.03868689382314727
6 4 1 5  0.0
6 4 1 6  0.07586102399571643
6 4 1 7  -0.018227780832810705
6 4 2 1  -8.169632776267727e-19
6 4 2 2  -0.09581815917948343
6 4 2 3  -0.001923228167106822
6 4 2 4  -0.03868689382314727
6 4 2 5  0.0
6 4 2 6  0.07586102399571643
6 4 2 7  0.018227780832810705
6 4 3 1  0.0019232281671068216
6 4 3 2  -0.0019232281671068216
6 4 3 3  0.0
6 4 3 4  0.0
6 4 3 5  0.0
6 4 3 6  0.037808487873707206
6 4 3 7  0.0
6 4 4 1  0.03868689382314727
6 4 4 2  -0.03868689382314727
6 4 4 3  0.0
6 4 4 4  0.0
6 4 4 5  0.0
6 4 4 6  0.18051838539030834
6 4 4 7  0.0
6 4 5 1  0.0
6 4 5 2  0.0
6 4 5 3  0.0
6 4 5 4  0.0
6 4 5 5  0.0
6 4 5 6  0.0
6 4 5 7  0.0
6 4 6 1  0.07586102399571643
6 4 6 2  0.07586102399571643
6 4 6 3  0.03780848787370719
6 4 6 4  0.18051838539030832
6 4 6 5  0.0
6 4 6 6  0.0
6 4 6 7  9.393855606908806e-18
6 4 7 1  -0.0182277808328107
6 4 7 2  0.0182277808328107
6 4 7 3  0.0
6 4 7 4  0.0
6 4 7 5  0.0
6 4 7 6  9.393855606908806e-18
6 4 7 7  0.0
6 5 1 1  0.0
6 5 1 2  0.0
6 5 1 3  0.0
6 5 1 4  0.0
6 5 1 5  0.008065227076459517
6 5 1 6  0.0
6 5 1 7  0.0
6 5 2 1  0.0
6 5 2 2  0.0
6 5 2 3  0.0
6 5 2 4  0.0
6 5 2 5  -0.008065227076459517
6 5 2 6  0.0
6 5 2 7  0.0
6 5 3 1  0.0
6 5 3 2  0.0
6 5 3 3  0.0
6 5 3 4  0.0
6 5 3 5  0.0
6 5 3 6  0.0
6 5 3 7  0.0
6 5 4 1  0.0
6 5 4 2  0.0
6 5 4 3  0.0
6 5 4 4  0.0
6 5 4 5  0.0
6 5 4 6  0.0
6 5 4 7  0.0
6 5 5 1  0.008065227076459517
6 5 5 2  -0.008065227076459517
6 5 5 3  0.0
6 5 5 4  0.0
6 5 5 5  0.0
6 5 5 6  0.047444455265036024
6 5 5 7  0.0
6 5 6 1  0.0
6 5 6 2  0.0
6 5 6 3  0.0
6 5 6 4  0.0
6 5 6 5  0.047444455265036024
6 5 6 6  0.0
6 5 6 7  0.0
6 5 7 1  0.0
6 5 7 2  0.0
6 5 7 3  0.0
6 5 7 4  0.0
6 5 7 5  0.0
6 5 7 6  0.0
6 5 7 7  0.0
6 6 1 1  0.5067180158435347
6 6 1 2  0.13809350187693065
6 6 1 3  0.05429471107583539
6 6 1 4  0.31575193885278957
6 6 1 5  0.0
6 6 1 6  0.19765610788944274
6 6 1 7  -0.15224552454314025
6 6 2 1  0.13809350187693065
6 6 2 2  0.5067180158435347
6 6 2 3  0.05429471107583539
6 6 2 4  0.31575193885278957
6 6 2 5  0.0
6 6 2 6  -0.19765610788944274
6 6 2 7  -0.15224552454314025
6 6 3 1  0.05429471107583538
6 6 3 2  0.05429471107583538
6 6 3 3  1.115815291478155
6 6 3 4  0.25668350326202566
6 6 3 5  0.0
6 6 3 6  0.0
6 6 3 7  2.7710069423842737e-17
6 6 4 1  0.31575193885278957
6 6 4 2  0.31575193885278957
6 6 4 3  0.25668350326202555
6 6 4 4  0.817022509368508
6 6 4 5  0.0
6 6 4 6  0.0
6 6 4 7  4.560513011779229e-17
6 6 5 1  0.0
6 6 5 2  0.0
6 6 5 3  0.0
6 6 5 4  0.0
6 6 5 5  0.7852702922666384
6 6 5 6  0.0
6 6 5 7  0.0
6 6 6 1  0.19765610788944274
6 6 6 2  -0.19765610788944274
6 6 6 3  0.0
6 6 6 4  0.0
6 6 6 5  0.0
6 6 6 6  0.8801592027967111
6 6 6 7  0.0
6 6 7 1  -0.15224552454314025
6 6 7 2  -0.15224552454314025
6 6 7 3  2.7710069423842743e-17
6 6 7 4  4.560513011779229e-17
6 6 7 5  0.0
6 6 7 6  0.0
6 6 7 7  0.7852702922666384
6 7 1 1  -0.02918338150105308
6 7 1 2  -2.747563122656137e-20
6 7 1 3  -0.00015715475525495009
6 7 1 4  -0.0076186778402980064
6 7 1 5  0.0
6 7 1 6  -0.011138250150057724
6 7 1 7  0.011733654620994315
6 7 2 1  2.747563122656137e-20
6 7 2 2  0.02918338150105308
6 7 2 3  0.00015715475525495009
6 7 2 4  0.0076186778402980064
6 7 2 5  0.0
6 7 2 6  -0.011138250150057724
6 7 2 7  -0.011733654620994315
6 7 3 1  -0.00015715475525495006
6 7 3 2  0.00015715475525495006
6 7 3 3  0.0
6 7 3 4  0.0
6 7 3 5  0.0
6 7 3 6  2.2931424969219166e-18
6 7 3 7  0.0
6 7 4 1  -0.0076186778402980064
6 7 4 2  0.0076186778402980064
6 7 4 3  0.0
6 7 4 4  0.0
6 7 4 5  0.0
6 7 4 6  9.393855606908801e-18
6 7 4 7  0.0
6 7 5 1  0.0
6 7 5 2  0.0
6 7 5 3  0.0
6 7 5 4  0.0
6 7 5 5  0.0
6 7 5 6  0.0
6 7 5 7  0.0
6 7 6 1  -0.011138250150057722
6 7 6 2  -0.011138250150057722
6 7 6 3  2.293142496921917e-18
6 7 6 4  9.393855606908803e-18
6 7 6 5  0.0
6 7 6 6  0.0
6 7 6 7  0.047444455265036024
6 7 7 1  0.011733654620994315
6 7 7 2  -0.011733654620994315
6 7 7 3  0.0
6 7 7 4  0.0
6 7 7 5  0.0
6 7 7 6  0.047444455265036024
6 7 7 7  0.0
7 1 1 1  -0.19932410221406063
7 1 1 2  -0.044283311319613584
7 1 1 3  -0.00933483177309167
7 1 1 4  -0.08847211007872531
7 1 1 5  0.0
7 1 1 6  -0.06291278182195179
7 1 1 7  0.07381545626559355
7 1 2 1  -0.04428331131961359
7 1 2 2  -0.126875369136236
7 1 2 3  -0.009063225734700172
7 1 2 4  -0.0707338034955465
7 1 2 5  0.0
7 1 2 6  0.034132212049813156
7 1 2 7  0.05767904873258829
7 1 3 1  -0.009334831773091669
7 1 3 2  -0.00906322573470017
7 1 3 3  -0.17528275705976987
7 1 3 4  -0.04122643377638292
7 1 3 5  0.0
7 1 3 6  -0.002078462162549415
7 1 3 7  0.011079710840588683
7 1 4 1  -0.08847211007872531
7 1 4 2  -0.0707338034955465
7 1 4 3  -0.041226433776382916
7 1 4 4  -0.15492192177196762
7 1 4 5  0.0
7 1 4 6  -0.018227780832810705
7 1 4 7  0.06941527968026726
7 1 5 1  0.0
7 1 5 2  0.0
7 1 5 3  0.0
7 1 5 4  0.0
7 1 5 5  -0.14787157850955374
7 1 5 6  0.0
7 1 5 7  0.0
7 1 6 1  -0.0629127818219518
7 1 6 2  0.03413221204981316
7 1 6 3  -0.002078462162549415
7 1 6 4  -0.018227780832810705
7 1 6 5  0.0
7 1 6 6  -0.15224552454314014
7 1 6 7  0.011733654620994311
7 1 7 1  0.07381545626559356
7 1 7 2  0.0576790487325883
7 1 7 3  0.011079710840588683
7 1 7 4  0.06941527968026728
7 1 7 5  0.0
7 1 7 6  0.011733654620994311
7 1 7 7  -0.16447689609056945
7 2 1 1  -0.126875369136236
7 2 1 2  -0.04428331131961359
7 2 1 3  -0.009063225734700172
7 2 1 4  -0.0707338034955465
7 2 1 5  0.0
7 2 1 6  -0.034132212049813156
7 2 1 7  0.05767904873258829
7 2 2 1  -0.044283311319613584
7 2 2 2  -0.19932410221406063
7 2 2 3  -0.00933483177309167
7 2 2 4  -0.08847211007872531
7 2 2 5  0.0
7 2 2 6  0.06291278182195179
7 2 2 7  0.07381545626559355
7 2 3 1  -0.00906322573470017
7 2 3 2  -0.009334831773091669
7 2 3 3  -0.17528275705976987
7 2 3 4  -0.04122643377638292
7 2 3 5  0.0
7 2 3 6  0.002078462162549415
7 2 3 7  0.011079710840588683
7 2 4 1  -0.0707338034955465
7 2 4 2  -0.08847211007872531
7 2 4 3  -0.041226433776382916
7 2 4 4  -0.15492192177196762
7 2 4 5  0.0
7 2 4 6  0.018227780832810705
7 2 4 7  0.06941527968026726
7 2 5 1  0.0
7 2 5 2  0.0
7 2 5 3  0.0
7 2 5 4  0.0
7 2 5 5  -0.14787157850955374
7 2 5 6  0.0
7 2 5 7  0.0
7 2 6 1  -0.03413221204981316
7 2 6 2  0.0629127818219518
7 2 6 3  0.002078462162549415
7 2 6 4  0.018227780832810705
7 2 6 5  0.0
7 2 6 6  -0.15224552454314014
7 2 6 7  -0.011733654620994311
7 2 7 1  0.0576790487325883
7 2 7 2  0.07381545626559356
7 2 7 3  0.011079710840588683
7 2 7 4  0.06941527968026728
7 2 7 5  0.0
7 2 7 6  -0.011733654620994311
7 2 7 7  -0.16447689609056945
7 3 1 1  -0.007707020827251623
7 3 1 2  -0.0027348537432448547
7 3 1 3  -0.0008627764260272385
7 3 1 4  -0.004270834578671974
7 3 1 5  0.0
7 3 1 6  -0.002078462162549411
7 3 1 7  0.011079710840588683
7 3 2 1  -0.0027348537432448547
7 3 2 2  -0.007707020827251623
7 3 2 3  -0.0008627764260272385
7 3 2 4  -0.004270834578671974
7 3 2 5  0.0
7 3 2 6  0.002078462162549411
7 3 2 7  0.011079710840588683
7 3 3 1  -0.0008627764260272384
7 3 3 2  -0.0008627764260272384
7 3 3 3  8.261612189173281e-17
7 3 3 4  1.8279278287784352e-17
7 3 3 5  0.0
7 3 3 6  0.0
7 3 3 7  0.02447736097659238
7 3 4 1  -0.004270834578671974
7 3 4 2  -0.004270834578671974
7 3 4 3  1.8279278287784346e-17
7 3 4 4  2.803158216039377e-17
7 3 4 5  0.0
7 3 4 6  0.0
7 3 4 7  0.03780848787370721
7 3 5 1  0.0
7 3 5 2  0.0
7 3 5 3  0.0
7 3 5 4  0.0
7 3 5 5  2.7710069423842743e-17
7 3 5 6  0.0
7 3 5 7  0.0
7 3 6 1  -0.0020784621625494102
7 3 6 2  0.0020784621625494102
7 3 6 3  0.0
7 3 6 4  0.0
7 3 6 5  0.0
7 3 6 6  2.7710069423842743e-17
7 3 6 7  0.0
7 3 7 1  0.011079710840588682
7 3 7 2  0.011079710840588682
7 3 7 3  0.024477360976592383
7 3 7 4  0.037808487873707206
7 3 7 5  0.0
7 3 7 6  0.0
7 3 7 7  3.2296354417686563e-17
7 4 1 1  -0.08036266833233512
7 4 1 2  -0.024746244959931
7 4 1 3  -0.0016130110267626964
7 4 1 4  -0.03244668905916053
7 4 1 5  0.0
7 4 1 6  -0.018227780832810698
7 4 1 7  0.06941527968026728
7 4 2 1  -0.024746244959931
7 4 2 2  -0.08036266833233512
7 4 2 3  -0.0016130110267626964
7 4 2 4  -0.03244668905916053
7 4 2 5  0.0
7 4 2 6  0.018227780832810698
7 4 2 7  0.06941527968026728
7 4 3 1  -0.0016130110267626961
7 4 3 2  -0.0016130110267626961
7 4 3 3  6.458110317177604e-17
7 4 3 4  1.870415313530114e-17
7 4 3 5  0.0
7 4 3 6  0.0
7 4 3 7  0.037808487873707206
7 4 4 1  -0.03244668905916051
7 4 4 2  -0.03244668905916051
7 4 4 3  1.8704153135301132e-17
7 4 4 4  4.694993011244243e-17
7 4 4 5  0.0
7 4 4 6  0.0
7 4 4 7  0.18051838539030834
7 4 5 1  0.0
7 4 5 2  0.0
7 4 5 3  0.0
7 4 5 4  0.0
7 4 5 5  4.560513011779227e-17
7 4 5 6  0.0
7 4 5 7  0.0
7 4 6 1  -0.018227780832810694
7 4 6 2  0.018227780832810694
7 4 6 3  0.0
7 4 6 4  0.0
7 4 6 5  0.0
7 4 6 6  4.560513011779227e-17
7 4 6 7  0.0
7 4 7 1  0.06941527968026728
7 4 7 2  0.06941527968026728
7 4 7 3  0.03780848787370719
7 4 7 4  0.18051838539030832
7 4 7 5  0.0
7 4 7 6  0.0
7 4 7 7  6.439284133160987e-17
7 5 1 1  0.0
7 5 1 2  0.0
7 5 1 3  0.0
7 5 1 4  0.0
7 5 1 5  -0.0067643041164713305
7 5 1 6  0.0
7 5 1 7  0.0
7 5 2 1  0.0
7 5 2 2  0.0
7 5 2 3  0.0
7 5 2 4  0.0
7 5 2 5  -0.0067643041164713305
7 5 2 6  0.0
7 5 2 7  0.0
7 5 3 1  0.0
7 5 3 2  0.0
7 5 3 3  0.0
7 5 3 4  0.0
7 5 3 5  2.2931424969219166e-18
7 5 3 6  0.0
7 5 3 7  0.0
7 5 4 1  0.0
7 5 4 2  0.0
7 5 4 3  0.0
7 5 4 4  0.0
7 5 4 5  9.393855606908801e-18
7 5 4 6  0.0
7 5 4 7  0.0
7 5 5 1  -0.006764304116471331
7 5 5 2  -0.006764304116471331
7 5 5 3  2.293142496921917e-18
7 5 5 4  9.393855606908803e-18
7 5 5 5  0.0
7 5 5 6  0.0
7 5 5 7  0.047444455265036024
7 5 6 1  0.0
7 5 6 2  0.0
7 5 6 3  0.0
7 5 6 4  0.0
7 5 6 5  0.0
7 5 6 6  0.0
7 5 6 7  0.0
7 5 7 1  0.0
7 5 7 2  0.0
7 5 7 3  0.0
7 5 7 4  0.0
7 5 7 5  0.047444455265036024
7 5 7 6  0.0
7 5 7 7  0.0
7 6 1 1  -0.02918338150105308
7 6 1 2  -2.747563122656137e-20
7 6 1 3  -0.00015715475525495009
7 6 1 4  -0.0076186778402980064
7 6 1 5  0.0
7 6 1 6  -0.011138250150057724
7 6 1 7  0.011733654620994315
7 6 2 1  2.747563122656137e-20
7 6 2 2  0.02918338150105308
7 6 2 3  0.00015715475525495009
7 6 2 4  0.0076186778402980064
7 6 2 5  0.0
7 6 2 6  -0.011138250150057724
7 6 2 7  -0.011733654620994315
7 6 3 1  -0.00015715475525495006
7 6 3 2  0.00015715475525495006
7 6 3 3  0.0
7 6 3 4  0.0
7 6 3 5  0.0
7 6 3 6  2.2931424969219166e-18
7 6 3 7  0.0
7 6 4 1  -0.0076186778402980064
7 6 4 2  0.0076186778402980064
7 6 4 3  0.0
7 6 4 4  0.0
7 6 4 5  0.0
7 6 4 6  9.393855606908801e-18
7 6 4 7  0.0
7 6 5 1  0.0
7 6 5 2  0.0
7 6 5 3  0.0
7 6 5 4  0.0
7 6 5 5  0.0
7 6 5 6  0.0
7 6 5 7  0.0
7 6 6 1  -0.011138250150057722
7 6 6 2  -0.011138250150057722
7 6 6 3  2.293142496921917e-18
7 6 6 4  9.393855606908803e-18
7 6 6 5  0.0
7 6 6 6  0.0
7 6 6 7  0.047444455265036024
7 6 7 1  0.011733654620994315
7 6 7 2  -0.011733654620994315
7 6 7 3  0.0
7 6 7 4  0.0
7 6 7 5  0.0
7 6 7 6  0.047444455265036024
7 6 7 7  0.0
7 7 1 1  0.49639813010750494
7 7 1 2  0.14290292989791553
7 7 1 3  0.05423913769695717
7 7 1 4  0.3130578067568
7 7 1 5  0.0
7 7 1 6  0.17997893019180533
7 7 1 7  -0.16447689609056937
7 7 2 1  0.14290292989791553
7 7 2 2  0.49639813010750494
7 7 2 3  0.05423913769695717
7 7 2 4  0.3130578067568
7 7 2 5  0.0
7 7 2 6  -0.17997893019180533
7 7 2 7  -0.16447689609056937
7 7 3 1  0.05423913769695717
7 7 3 2  0.05423913769695717
7 7 3 3  1.115815291478155
7 7 3 4  0.25668350326202566
7 7 3 5  0.0
7 7 3 6  0.0
7 7 3 7  3.2296354417686563e-17
7 7 4 1  0.3130578067568
7 7 4 2  0.3130578067568
7 7 4 3  0.25668350326202555
7 7 4 4  0.817022509368508
7 7 4 5  0.0
7 7 4 6  0.0
7 7 4 7  6.439284133160988e-17
7 7 5 1  0.0
7 7 5 2  0.0
7 7 5 3  0.0
7 7 5 4  0.0
7 7 5 5  0.7852702922666384
7 7 5 6  0.0
7 7 5 7  0.0
7 7 6 1  0.17997893019180536
7 7 6 2  -0.17997893019180536
7 7 6 3  0.0
7 7 6 4  0.0
7 7 6 5  0.0
7 7 6 6  0.7852702922666384
7 7 6 7  0.0
7 7 7 1  -0.16447689609056937
7 7 7 2  -0.16447689609056937
7 7 7 3  3.2296354417686563e-17
7 7 7 4  6.439284133160988e-17
7 7 7 5  0.0
7 7 7 6  0.0
7 7 7 7  0.8801592027967111